30,4
30,1
30,3
34,4
34,1
34,3
35,5
35,1
35,3
39,4
38,4
38,1
38,3
33,4
32,4
33,1
33,3
32,5
32,1
32,3
31,1
31,3
39,5
39,1
39,3
40,35
29,4
29,1
29,3
28,4
28,1
28,3
14,5
37,4
37,3
3,2
3,1
3,3
10,205
10,79
10,169
10,247
10,145
10,301
10,309
10,1
10,279
10,2
10,3
11,15
11,9
11,11
11,19
11,27
11,29
11,25
11,1
11,21
11,2
11,3
9,5
9,1
9,7
9,2
9,3
8,16
8,7
8,18
8,4
8,6
8,1
8,11
8,2
8,3
0,318
12,2
12,1
12,3
20,2
20,1
20,3
19,2
19,1
19,3
18,1
18,3
14,1
14,4
14,3
13,1
13,3
37,31
37,30
37,29
37,28
37,27
37,26
37,25
37,24
37,23
37,22
37,21
37,20
37,19
37,18
37,17
37,16
37,15
